France_seq1 48.852340138526486 2.3019046236194964 48.88441715765176 2.3502674765576517 48.87172401482807 2.369598077873754 48.839655033068205 2.3212349351716366
France_seq2 48.87875571123406 2.283577001103469 48.84656370041454 2.3315578832002575 48.833951484407834 2.3121205573015007 48.866135474459305 2.264139443777756
France_seq3 48.81915031362894 2.10331585979745 48.801869532464515 2.1665375950484664 48.78524822967109 2.1561161118204506 48.80252345002951 2.0929118447117983
France_seq4 49.02387750954048 2.5338999423508084 49.01352674100306 2.601408167853849 48.996007164732994 2.595188914158756 49.006354397280916 2.5277031348542613
France_seq5 48.87647935425469 2.3815506605564907 48.83622553245391 2.3509092915659258 48.84429516924439 2.3265487613768068 48.884555346538384 2.357175386420634
France_seq6 48.896982728175026 2.253441338947858 48.87739562663239 2.315173075863527 48.86118606719794 2.303340824660696 48.88076696724789 2.2416245601829767
France_seq7 48.60585316616356 7.741521670355763 48.56944134831425 7.781738179447506 48.558809627671934 7.759872121588576 48.59521380993526 7.7196486363046875
France_seq8 49.132117975983356 6.14913175046919 49.12009509068435 6.215428608770741 49.102764805173564 6.20812260624785 49.114783921104575 6.141847460188858
France_seq9 44.85407977580071 -0.5705841149218372 44.81378416863716 -0.5428213657776355 44.80586266603917 -0.5655211160538091 44.846153058034375 -0.5932963624177597
France_seq10 43.323821197761184 5.392155981566561 43.284954286619026 5.425350639234548 43.275428714724804 5.404444966872806 43.31428980327241 5.371241628799704
Italy_seq1 41.907386191321514 12.470671932037982 41.890267151514024 12.526649210662109 41.873606687663475 12.5175159334236 41.89072164904797 12.461551210441339
Italy_seq2 41.86767182247952 12.525996619841107 41.82334664563667 12.535360702433534 41.820536136631375 12.511585875855712 41.86485895798946 12.502205960262028
Italy_seq3 41.83650016862828 12.509303188687438 41.79966706152028 12.474179133698083 41.81011805366648 12.454585292804419 41.846956946551465 12.489703234087276
spain_seq1 41.36229152280455 2.1983380159742305 41.33532259632997 2.1455301724269313 41.350230988127656 2.1321122894287488 41.37720606288179 2.1849264449945895
spain_seq2 41.357372124346384 2.1372062305457127 41.40157301966665 2.1573674107631504 41.3957158571632 2.1799915896518125 41.35151875380129 2.1598167731115994
spain_seq3 39.44446930880123 -0.35053424815365486 39.47000850442468 -0.3996686549571757 39.48496908060204 -0.38672993313195414 39.45942427512509 -0.33759034070265953
spain_seq4 39.45156205304518 -0.3014924023000233 39.44386277928435 -0.3592521657996059 39.46161119193625 -0.36319627438683255 39.46931191878136 -0.3054220348890096
spain_seq5 40.556598706342655 -3.70059479344814 40.545566345505314 -3.6435818259063533 40.52810357400655 -3.64939543331242 40.539133214019515 -3.70639446840137
spain_seq6 40.418534605178735 -3.729696135206323 40.45730020006473 -3.6993309406882973 40.44804289927788 -3.679096439787834 40.409282494512354 -3.7094692417108104
spain_seq7 43.31817608639002 -1.9504871976642155 43.30093035123933 -2.0078985955162367 43.31758145652503 -2.0172886690775975 43.334831722624656 -1.9598640652468136
spain_seq8 43.33211808068599 -1.910118186343798 43.30394983726506 -1.8616212614814045 43.28985961919823 -1.8769729595908418 43.318021376856905 -1.92546603287393
spain_seq9 37.36675054819297 -6.075632765418377 37.402128232414206 -6.040108892413421 37.390861162697476 -6.0224944441072426 37.355488846658545 -6.0580205684267145
spain_seq10 37.376862779049425 -6.017274598268703 37.39402444830907 -5.964341431847803 37.37733543049014 -5.955851457089173 37.36017709869673 -6.008774291970103
switzerland_seq1 46.73238607753075 7.6219447395281055 46.76785341043346 7.580925431033974 46.77905368905235 7.601426702520533 46.74357902164247 7.6424413892874705
switzerland_seq2 47.41756310678304 8.558708740562484 47.4780901291764 8.52147019781658 47.485022565859005 8.545967421615847 47.42448759004144 8.583182871442563
switzerland_seq3 47.35382818266953 8.547534369306497 47.38786651162306 8.505943384032014 47.399362583907994 8.526332835362457 47.36531691245105 8.567919845402656
switzerland_seq4 46.22116081507769 7.290997877891076 46.233211830884 7.356504392577319 46.21581404630473 7.363136524440013 46.20376706100646 7.29764903540944
switzerland_seq5 46.5266720940366 6.523450166600779 46.53597679831807 6.592929889029024 46.518313120307916 6.597883252694696 46.50901182368608 6.528424970484436
switzerland_seq6 46.517047937371586 6.539656091581223 46.533954652380075 6.6002576485650835 46.5172711000369 6.610014814311854 46.500369813679306 6.549428369284725
switzerland_seq7 46.2511824940967 6.15114662280622 46.2058979484483 6.153822008201344 46.2051585882483 6.1279342356239805 46.250442040305884 6.125237621759999
switzerland_seq8 46.228691444454846 6.07785056803855 46.26228232760153 6.126927344604055 46.24947089174279 6.145132532059214 46.215887774027564 6.0960553124354355
switzerland_seq9 46.95640304923854 7.48096205929237 46.933765390198154 7.422579678138495 46.94942020997936 7.409624413035397 46.9720645524384 7.468018031951935
switzerland_seq10 46.92938582807213 7.496365999860576 46.89330522234997 7.535491008799817 46.88257382679074 7.5144211034053185 46.9186472212122 7.475290117294678
taiwan_seq1 24.99938908646061 121.53236789839738 24.997454219395333 121.52823008286235 25.013519607590187 121.51918330722772 25.015454740603587 121.5233214917146
